header: 
  seq: 72
  stamp: 
    secs: 1538642457
    nsecs: 137865220
  frame_id: "laser"
angle_min: -2.35619449615
angle_max: 2.35619449615
angle_increment: 0.00872664619237
time_increment: 2.77777780866e-05
scan_time: 0.019999999553
range_min: 0.00999999977648
range_max: 20.0
ranges: [0.6100000143051147, 0.609000027179718, 0.6060000061988831, 0.6079999804496765, 0.6150000095367432, 0.609000027179718, 0.6169999837875366, 0.621999979019165, 0.6549999713897705, 0.6819999814033508, 0.6800000071525574, 3.4240000247955322, 3.3989999294281006, 3.371000051498413, 1.1239999532699585, 1.2410000562667847, 1.2059999704360962, 1.1970000267028809, 1.187999963760376, 1.1690000295639038, 1.1449999809265137, 1.1360000371932983, 1.1319999694824219, 1.1670000553131104, 1.2400000095367432, 3.134999990463257, 3.0999999046325684, 1.4290000200271606, 1.3079999685287476, 1.2619999647140503, 1.253000020980835, 1.1430000066757202, 1.0789999961853027, 1.0449999570846558, 1.0609999895095825, 1.0679999589920044, 1.0870000123977661, 1.090999960899353, 1.1050000190734863, 1.11899995803833, 1.1360000371932983, 1.2369999885559082, 1.3329999446868896, 2.859999895095825, 2.8540000915527344, 2.8399999141693115, 1.6699999570846558, 1.375, 1.2589999437332153, 1.2480000257492065, 1.2519999742507935, 1.2710000276565552, 1.4490000009536743, 2.746999979019165, 2.759000062942505, 2.7130000591278076, 2.694000005722046, 0.9599999785423279, 0.8949999809265137, 1.3700000047683716, 1.4320000410079956, 1.49399995803833, 1.5130000114440918, 1.534999966621399, 1.600000023841858, 1.687000036239624, 1.6019999980926514, 1.6239999532699585, 2.127000093460083, 2.134999990463257, 2.130000114440918, 2.131999969482422, 2.127000093460083, 2.124000072479248, 2.118000030517578, 2.11899995803833, 2.121000051498413, 2.11299991607666, 2.124000072479248, 2.125, 2.125999927520752, 2.059000015258789, 1.6230000257492065, 1.652999997138977, 1.996999979019165, 1.5089999437332153, 1.2139999866485596, 1.11899995803833, 1.0920000076293945, 1.1200000047683716, 1.2549999952316284, 1.3960000276565552, 1.340000033378601, 1.3279999494552612, 1.3550000190734863, 1.3550000190734863, 1.409999966621399, 1.5750000476837158, 2.13700008392334, 2.6019999980926514, 2.628000020980835, 2.628999948501587, 2.6089999675750732, 2.6070001125335693, 2.6070001125335693, 2.2070000171661377, 1.9600000381469727, 1.9199999570846558, 1.8919999599456787, 1.871999979019165, 1.8609999418258667, 1.8480000495910645, 1.8259999752044678, 1.7829999923706055, 1.7669999599456787, 1.74399995803833, 1.7029999494552612, 1.6690000295639038, 1.6490000486373901, 1.6330000162124634, 1.6230000257492065, 1.6059999465942383, 1.6080000400543213, 1.6109999418258667, 1.6069999933242798, 1.6050000190734863, 1.5449999570846558, 1.3600000143051147, 1.3029999732971191, 1.281999945640564, 1.281000018119812, 1.2760000228881836, 1.2719999551773071, 1.2020000219345093, 1.1480000019073486, 1.1369999647140503, 1.1430000066757202, 1.1299999952316284, 1.121000051498413, 1.1139999628067017, 1.1089999675750732, 1.1100000143051147, 1.1059999465942383, 1.0870000123977661, 1.0440000295639038, 1.0140000581741333, 1.0049999952316284, 1.0019999742507935, 1.0019999742507935, 0.996999979019165, 0.9959999918937683, 0.996999979019165, 1.0049999952316284, 1.0110000371932983, 1.0219999551773071, 1.0299999713897705, 1.0399999618530273, 1.0440000295639038, 1.1269999742507935, 1.2089999914169312, 3.1579999923706055, 3.1760001182556152, 3.197000026702881, 3.2130000591278076, 3.239000082015991, 3.260999917984009, 3.2820000648498535, 3.2939999103546143, 3.2720000743865967, 3.2939999103546143, 3.319000005722046, 3.3489999771118164, 3.371000051498413, 3.4019999504089355, 3.427999973297119, 3.4609999656677246, 3.490000009536743, 3.5230000019073486, 3.555999994277954, 3.5859999656677246, 3.628000020980835, 3.6640000343322754, 3.694000005722046, 3.7170000076293945, 3.755000114440918, 3.743000030517578, 3.7019999027252197, 3.6730000972747803, 3.638000011444092, 3.5929999351501465, 3.5329999923706055, 3.568000078201294, 3.5820000171661377, 3.569000005722046, 3.546999931335449, 3.4830000400543213, 3.4230000972747803, 3.4070000648498535, 3.444000005722046, 3.433000087738037, 3.4079999923706055, 3.3910000324249268, 3.36899995803833, 3.3480000495910645, 3.3299999237060547, 3.313999891281128, 3.2929999828338623, 3.2720000743865967, 3.252000093460083, 3.23799991607666, 3.2209999561309814, 3.2009999752044678, 3.186000108718872, 3.1710000038146973, 3.1570000648498535, 3.1440000534057617, 3.127000093460083, 3.111999988555908, 3.1010000705718994, 3.0869998931884766, 3.0759999752044678, 3.059000015258789, 3.0490000247955322, 3.0420000553131104, 3.0280001163482666, 3.0169999599456787, 3.006999969482422, 2.996999979019165, 2.9839999675750732, 2.9739999771118164, 2.9670000076293945, 2.9570000171661377, 2.937999963760376, 2.628000020980835, 2.5950000286102295, 2.6740000247955322, 2.752000093460083, 2.8499999046325684, 2.867000102996826, 2.859999895095825, 2.8420000076293945, 2.0329999923706055, 1.593999981880188, 1.4249999523162842, 1.3140000104904175, 1.274999976158142, 1.2610000371932983, 1.2430000305175781, 1.2289999723434448, 1.215999960899353, 1.215000033378601, 1.2050000429153442, 1.2029999494552612, 1.190999984741211, 1.194000005722046, 1.2039999961853027, 1.2269999980926514, 1.218999981880188, 1.2319999933242798, 1.2389999628067017, 1.2410000562667847, 1.281999945640564, 1.6119999885559082, 2.6670000553131104, 2.6570000648498535, 2.440000057220459, 2.5190000534057617, 2.6480000019073486, 2.48799991607666, 2.6029999256134033, 2.7909998893737793, 2.7939999103546143, 2.7909998893737793, 2.7899999618530273, 2.7939999103546143, 2.7960000038146973, 2.7909998893737793, 2.7890000343322754, 2.7880001068115234, 2.9179999828338623, 2.8399999141693115, 5.203000068664551, 5.199999809265137, 5.204999923706055, 5.208000183105469, 5.214000225067139, 5.21999979019165, 5.229000091552734, 5.23199987411499, 5.241000175476074, 5.249000072479248, 5.255000114440918, 5.263000011444092, 5.270999908447266, 5.2820000648498535, 5.293000221252441, 5.302999973297119, 5.315000057220459, 5.322999954223633, 5.331999778747559, 5.34499979019165, 5.354000091552734, 5.36899995803833, 5.38700008392334, 2.6489999294281006, 2.5920000076293945, 2.575000047683716, 2.563999891281128, 2.4509999752044678, 2.436000108718872, 2.4579999446868896, 2.4809999465942383, 2.555999994277954, 2.63700008392334, 2.6470000743865967, 2.6570000648498535, 2.6570000648498535, 2.674999952316284, 2.7960000038146973, 3.0409998893737793, 3.056999921798706, 3.069999933242798, 3.0840001106262207, 3.065999984741211, 3.005000114440918, 2.9519999027252197, 2.8910000324249268, 2.7660000324249268, 2.747999906539917, 2.5420000553131104, 2.428999900817871, 2.361999988555908, 1.902999997138977, 1.7829999923706055, 1.7769999504089355, 1.7610000371932983, 1.9630000591278076, 1.7059999704360962, 1.6970000267028809, 1.6749999523162842, 1.6640000343322754, 1.6480000019073486, 1.6319999694824219, 1.6180000305175781, 1.6030000448226929, 1.6009999513626099, 1.6030000448226929, 1.5839999914169312, 1.559000015258789, 1.5549999475479126, 1.5470000505447388, 1.534999966621399, 1.524999976158142, 1.5240000486373901, 1.5429999828338623, 1.5609999895095825, 1.5770000219345093, 1.593999981880188, 1.6169999837875366, 1.6419999599456787, 1.6679999828338623, 1.690999984741211, 1.7350000143051147, 1.7829999923706055, 1.812999963760376, 1.812000036239624, 1.8009999990463257, 1.781000018119812, 1.7630000114440918, 1.7549999952316284, 1.7419999837875366, 1.725000023841858, 1.7120000123977661, 1.7009999752044678, 1.6859999895095825, 1.6749999523162842, 1.659000039100647, 1.6549999713897705, 1.5369999408721924, 1.1540000438690186, 1.1150000095367432, 1.13100004196167, 1.1019999980926514, 1.1119999885559082, 1.1059999465942383, 1.1390000581741333, 1.1990000009536743, 1.2050000429153442, 1.2100000381469727, 1.2079999446868896, 1.2330000400543213, 1.2990000247955322, 1.3530000448226929, 1.4290000200271606, 1.4980000257492065, 1.49399995803833, 1.4850000143051147, 1.4789999723434448, 1.4639999866485596, 1.4160000085830688, 1.4179999828338623, 1.4359999895095825, 1.4329999685287476, 1.4290000200271606, 1.4320000410079956, 1.4290000200271606, 1.4279999732971191, 1.4199999570846558, 1.4160000085830688, 1.4110000133514404, 1.4049999713897705, 1.399999976158142, 1.3980000019073486, 1.3930000066757202, 1.3890000581741333, 1.3890000581741333, 1.3799999952316284, 1.375, 1.3669999837875366, 1.371999979019165, 1.36899995803833, 1.3619999885559082, 1.3569999933242798, 1.3569999933242798, 1.3489999771118164, 1.3519999980926514, 1.3450000286102295, 1.3489999771118164, 1.3420000076293945, 1.3320000171661377, 1.3320000171661377, 1.3339999914169312, 1.3320000171661377, 1.3289999961853027, 1.3250000476837158, 1.3209999799728394, 1.3209999799728394, 1.3240000009536743, 1.3179999589920044, 1.3240000009536743, 1.3170000314712524, 1.312999963760376, 1.309999942779541, 1.3109999895095825, 1.3109999895095825, 1.2940000295639038, 0.9729999899864197, 0.9259999990463257, 1.0269999504089355, 1.2979999780654907, 1.3040000200271606, 1.3079999685287476, 1.305999994277954, 1.309000015258789, 1.3009999990463257, 1.305999994277954, 1.3070000410079956, 1.312000036239624, 1.309000015258789, 1.312000036239624, 1.309999942779541, 1.309000015258789, 1.312999963760376, 1.315000057220459, 1.3170000314712524, 1.312999963760376, 1.3140000104904175, 1.315000057220459, 1.319000005722046, 1.3200000524520874, 1.3220000267028809, 1.3240000009536743, 1.3020000457763672, 1.2829999923706055, 1.2910000085830688, 1.2899999618530273, 1.274999976158142, 1.2450000047683716, 1.187000036239624, 0.9309999942779541, 0.8930000066757202, 0.8889999985694885, 0.8970000147819519, 0.9599999785423279, 1.1089999675750732, 1.1109999418258667, 1.1119999885559082, 1.1130000352859497, 1.11899995803833, 1.1009999513626099, 1.0269999504089355, 1.0119999647140503, 1.0490000247955322, 1.100000023841858, 1.2510000467300415, 1.3040000200271606, 1.309000015258789, 1.3170000314712524, 1.3259999752044678, 1.3259999752044678, 1.3289999961853027, 1.3359999656677246, 1.3380000591278076, 1.3339999914169312, 1.2059999704360962, 1.0950000286102295,
 1.0740000009536743, 1.0729999542236328, 1.0759999752044678, 1.0770000219345093, 1.0770000219345093, 1.0609999895095825, 1.055999994277954, 0.968999981880188, 0.8519999980926514, 0.6710000038146973, 0.6039999723434448, 0.5899999737739563, 0.5820000171661377, 0.5740000009536743, 0.5580000281333923, 0.5519999861717224, 0.5460000038146973, 0.5370000004768372, 0.5299999713897705, 0.5230000019073486, 0.5230000019073486, 0.5189999938011169, 0.5149999856948853, 0.5090000033378601, 0.5099999904632568, 0.5070000290870667, 0.5049999952316284, 0.5049999952316284, 0.5019999742507935, 0.49900001287460327, 0.5019999742507935, 0.5, 0.49799999594688416, 0.49900001287460327, 0.5009999871253967]
intensities: [342.0, 356.0, 342.0, 345.0, 346.0, 339.0, 331.0, 335.0, 346.0, 339.0, 270.0, 557.0, 573.0, 578.0, 384.0, 909.0, 847.0, 840.0, 830.0, 825.0, 807.0, 790.0, 780.0, 903.0, 971.0, 583.0, 597.0, 907.0, 687.0, 603.0, 603.0, 613.0, 583.0, 539.0, 549.0, 569.0, 579.0, 579.0, 576.0, 578.0, 569.0, 767.0, 902.0, 611.0, 614.0, 614.0, 857.0, 772.0, 568.0, 649.0, 635.0, 590.0, 835.0, 618.0, 567.0, 434.0, 404.0, 755.0, 464.0, 553.0, 553.0, 546.0, 546.0, 537.0, 518.0, 496.0, 505.0, 633.0, 576.0, 587.0, 601.0, 617.0, 633.0, 656.0, 681.0, 712.0, 746.0, 782.0, 824.0, 853.0, 854.0, 753.0, 757.0, 851.0, 735.0, 815.0, 855.0, 835.0, 778.0, 735.0, 821.0, 852.0, 825.0, 796.0, 824.0, 778.0, 782.0, 799.0, 711.0, 611.0, 634.0, 633.0, 619.0, 622.0, 619.0, 692.0, 638.0, 618.0, 596.0, 603.0, 621.0, 623.0, 613.0, 612.0, 629.0, 620.0, 603.0, 603.0, 626.0, 639.0, 631.0, 641.0, 647.0, 644.0, 642.0, 641.0, 644.0, 649.0, 614.0, 607.0, 616.0, 623.0, 615.0, 574.0, 519.0, 508.0, 504.0, 532.0, 554.0, 604.0, 641.0, 652.0, 650.0, 641.0, 634.0, 617.0, 613.0, 596.0, 571.0, 561.0, 561.0, 564.0, 565.0, 569.0, 576.0, 595.0, 614.0, 632.0, 848.0, 932.0, 538.0, 535.0, 535.0, 535.0, 534.0, 537.0, 538.0, 552.0, 533.0, 529.0, 525.0, 522.0, 519.0, 520.0, 520.0, 514.0, 512.0, 509.0, 506.0, 508.0, 506.0, 502.0, 503.0, 509.0, 551.0, 564.0, 558.0, 556.0, 551.0, 551.0, 549.0, 546.0, 546.0, 558.0, 569.0, 563.0, 546.0, 539.0, 565.0, 583.0, 582.0, 581.0, 584.0, 581.0, 584.0, 586.0, 586.0, 587.0, 590.0, 590.0, 591.0, 592.0, 592.0, 590.0, 591.0, 592.0, 595.0, 595.0, 597.0, 601.0, 603.0, 601.0, 602.0, 602.0, 606.0, 608.0, 602.0, 604.0, 608.0, 608.0, 604.0, 605.0, 611.0, 645.0, 563.0, 482.0, 481.0, 543.0, 606.0, 598.0, 598.0, 776.0, 830.0, 780.0, 612.0, 620.0, 597.0, 555.0, 563.0, 570.0, 546.0, 533.0, 518.0, 519.0, 515.0, 520.0, 579.0, 659.0, 675.0, 659.0, 649.0, 606.0, 586.0, 540.0, 533.0, 348.0, 404.0, 630.0, 652.0, 645.0, 594.0, 610.0, 610.0, 606.0, 606.0, 605.0, 611.0, 619.0, 611.0, 894.0, 344.0, 525.0, 522.0, 522.0, 523.0, 522.0, 518.0, 519.0, 521.0, 520.0, 519.0, 519.0, 517.0, 516.0, 515.0, 516.0, 514.0, 513.0, 515.0, 515.0, 513.0, 514.0, 513.0, 508.0, 433.0, 548.0, 572.0, 576.0, 565.0, 547.0, 560.0, 533.0, 508.0, 476.0, 506.0, 564.0, 560.0, 537.0, 587.0, 591.0, 589.0, 589.0, 594.0, 558.0, 543.0, 545.0, 550.0, 569.0, 672.0, 605.0, 527.0, 491.0, 531.0, 554.0, 531.0, 445.0, 441.0, 592.0, 631.0, 632.0, 634.0, 636.0, 636.0, 638.0, 639.0, 623.0, 453.0, 311.0, 543.0, 642.0, 645.0, 647.0, 646.0, 639.0, 625.0, 622.0, 619.0, 618.0, 614.0, 606.0, 588.0, 581.0, 582.0, 614.0, 622.0, 641.0, 638.0, 637.0, 640.0, 642.0, 643.0, 643.0, 645.0, 645.0, 645.0, 644.0, 646.0, 648.0, 663.0, 713.0, 594.0, 443.0, 533.0, 449.0, 446.0, 558.0, 628.0, 637.0, 642.0, 631.0, 619.0, 622.0, 602.0, 615.0, 655.0, 658.0, 658.0, 645.0, 522.0, 574.0, 647.0, 745.0, 724.0, 540.0, 639.0, 665.0, 668.0, 668.0, 668.0, 666.0, 666.0, 664.0, 667.0, 667.0, 666.0, 668.0, 668.0, 672.0, 671.0, 669.0, 668.0, 667.0, 665.0, 667.0, 664.0, 669.0, 667.0, 670.0, 670.0, 668.0, 671.0, 672.0, 672.0, 672.0, 671.0, 671.0, 671.0, 671.0, 669.0, 672.0, 670.0, 671.0, 675.0, 673.0, 672.0, 675.0, 714.0, 672.0, 721.0, 678.0, 676.0, 675.0, 675.0, 681.0, 683.0, 681.0, 680.0, 679.0, 679.0, 682.0, 681.0, 680.0, 680.0, 678.0, 680.0, 680.0, 677.0, 683.0, 680.0, 681.0, 679.0, 681.0, 691.0, 682.0, 730.0, 863.0, 779.0, 623.0, 611.0, 586.0, 599.0, 610.0, 606.0, 634.0, 640.0, 649.0, 649.0, 643.0, 628.0, 606.0, 551.0, 509.0, 559.0, 571.0, 554.0, 562.0, 565.0, 572.0, 577.0, 586.0, 592.0, 591.0, 587.0, 577.0, 539.0, 509.0, 500.0, 507.0, 504.0, 506.0, 498.0, 478.0, 468.0, 479.0, 540.0, 567.0, 493.0, 522.0, 531.0, 520.0, 515.0, 515.0, 515.0, 526.0, 540.0, 557.0, 563.0, 564.0, 561.0, 557.0, 555.0, 551.0, 551.0, 554.0, 553.0, 548.0, 549.0, 555.0, 556.0, 553.0, 560.0]
---
